      0/39     23.6G   0.07582   0.04343         0    0.1192       113       768   0.07474     0.122   0.03188   0.03188   0.06413   0.01696         0
      1/39     40.2G   0.05553    0.0393         0   0.09484       100       768    0.3441    0.3695    0.2551    0.2551   0.05969   0.01381         0
      2/39     40.2G   0.05002   0.03637         0   0.08639       124       768    0.5173    0.5979    0.5112    0.5112    0.0487   0.01254         0
      3/39     40.2G   0.04993   0.03498         0   0.08491       110       768    0.5373    0.5369    0.4888    0.4888   0.04916   0.01239         0
      4/39     40.2G   0.04788   0.03497         0   0.08285       106       768    0.5109    0.5735    0.4917    0.4917   0.04851   0.01197         0
      5/39     40.2G   0.04761   0.03513         0   0.08274        88       768    0.4427     0.534    0.4224    0.4224   0.05002   0.01278         0
      6/39     40.2G   0.04685   0.03509         0   0.08194        92       768    0.4605    0.4447    0.3919    0.3919   0.05027   0.01353         0
      7/39     40.2G   0.04653   0.03529         0   0.08183       115       768    0.4591    0.5255    0.4208    0.4208   0.04911    0.0128         0
      8/39     40.2G   0.04544   0.03418         0   0.07962       119       768    0.5351    0.5794    0.5146    0.5146    0.0471   0.01217         0
      9/39     40.2G   0.04552   0.03447         0   0.07999       120       768    0.5364    0.6142    0.5136    0.5136    0.0474   0.01246         0
     10/39     40.2G    0.0449   0.03403         0   0.07893        91       768    0.5559    0.6184    0.5376    0.5376   0.04753   0.01192         0
     11/39     40.2G   0.04458    0.0341         0   0.07868       116       768    0.5565    0.6522    0.5569    0.5569   0.04609   0.01167         0
     12/39     40.2G   0.04417   0.03368         0   0.07785       121       768    0.5044    0.6035    0.5045    0.5045   0.04734   0.01195         0
     13/39     40.2G   0.04386   0.03369         0   0.07755       135       768    0.5828    0.6587     0.582     0.582   0.04603   0.01145         0
     14/39     40.2G   0.04337   0.03372         0   0.07708       101       768    0.4945    0.4801    0.4192    0.4192   0.05073   0.01243         0
     15/39     40.2G   0.04333   0.03398         0   0.07731       107       768    0.5586    0.6014    0.5317    0.5317   0.04703   0.01158         0
     16/39     40.2G   0.04272   0.03328         0   0.07601        97       768    0.5968    0.6021    0.5675    0.5675   0.04667   0.01164         0
     17/39     40.2G   0.04268   0.03291         0   0.07559       123       768    0.5828    0.6709    0.5783    0.5783   0.04483   0.01166         0
     18/39     40.2G   0.04262   0.03327         0    0.0759       101       768    0.6006     0.656    0.6031    0.6031   0.04467    0.0114         0
     19/39     40.2G   0.04225   0.03349         0   0.07573       122       768     0.566    0.6298    0.5634    0.5634   0.04601   0.01177         0
     20/39     40.2G   0.04193   0.03253         0   0.07447       106       768    0.5963    0.6234    0.5659    0.5659   0.04648   0.01176         0
     21/39     40.2G   0.04159   0.03251         0    0.0741        77       768    0.5928     0.639    0.5803    0.5803   0.04504   0.01159         0
     22/39     40.2G   0.04124   0.03283         0   0.07407       116       768    0.6129    0.6362    0.5872    0.5872   0.04417   0.01152         0
     23/39     40.2G   0.04102     0.033         0   0.07403       117       768    0.5943    0.5809    0.5472    0.5472   0.04678    0.0117         0
     24/39     40.2G   0.04119   0.03248         0   0.07367       101       768    0.6251    0.6461    0.5988    0.5988   0.04451   0.01149         0
     25/39     40.2G   0.04084   0.03228         0   0.07312       126       768    0.6023    0.6316    0.5856    0.5856   0.04487   0.01153         0
     26/39     40.2G   0.04044   0.03257         0   0.07301       123       768    0.6067    0.6652    0.6078    0.6078   0.04448   0.01152         0
     27/39     40.2G   0.04039    0.0324         0    0.0728       118       768    0.6133    0.6106    0.5723    0.5723   0.04561   0.01175         0
     28/39     40.2G    0.0401   0.03192         0   0.07202       110       768     0.632    0.6298    0.6092    0.6092   0.04467   0.01146         0
     29/39     40.2G   0.03996   0.03182         0   0.07178       114       768    0.5566    0.6375     0.551     0.551   0.04553    0.0118         0
     30/39     40.2G   0.03943   0.03211         0   0.07154       123       768    0.5738     0.674     0.591     0.591   0.04457   0.01151         0
     31/39     40.2G   0.03932   0.03204         0   0.07136        85       768    0.5894    0.6518    0.5916    0.5916   0.04496   0.01169         0
     32/39     40.2G   0.03891   0.03158         0   0.07049       116       768    0.5446    0.5965    0.5442    0.5442   0.04787   0.01202         0
     33/39     40.2G   0.03884   0.03099         0   0.06983       109       768    0.6339    0.6135    0.5969    0.5969   0.04576    0.0118         0
     34/39     40.2G   0.03833   0.03184         0   0.07017       121       768    0.5893    0.5773    0.5338    0.5338   0.04757   0.01235         0
     35/39     40.2G   0.03814   0.03073         0   0.06887        96       768    0.5549    0.5986    0.5203    0.5203   0.04732   0.01252         0
     36/39     40.2G   0.03799     0.031         0   0.06899       113       768    0.6017    0.6262    0.5815    0.5815   0.04458   0.01178         0
     37/39     40.2G   0.03765   0.03098         0   0.06863        97       768    0.5941    0.6312    0.5854    0.5854   0.04498   0.01173         0
     38/39     40.2G   0.03744   0.03077         0   0.06821       105       768    0.6194    0.6199    0.5812    0.5812   0.04519   0.01192         0
     39/39     40.2G   0.03737   0.03084         0   0.06821       109       768    0.5949    0.5688    0.5192    0.5192   0.04725   0.01249         0
